Monto Total
16695
55950
2725
3350
14000
332500
18000
10000
0
0,,0
1106,,654
0,,0
46,,46
345
234,,234
455,,455
0,,0
0,,0
1669.5


AGUA
1669.5
1669.5
1669.5
1669.5
1669.5
1669.5
1669.5
1669.5
1669.5
1669.5
467041




























Monto Total
10500
53815
6747.48
3660.65
19486.02
332500
18000
10000
0
0,,0
0,,0
1350.24,,1350.24
0,,0
630.11
0,,0
0,,0
0,,0
0,,0
1050


AGUA
1050
1050
1050
1050
1050
1050
1050
1050
1050
1050
478914.5






























Monto Total
7135
39665
2725
5000
20440
332500
18000
10000
0
0,,0
688,,654
0,,0
543,,0
888
4234,,4234
4566,,0
0,,0
0,,0
713.5


AGUA
713.5
713.5
713.5
713.5
713.5
713.5
713.5
713.5
713.5
713.5
473889
























Monto Total
13416
56235
4700
4215
14000
332500
18000
10000
0
0,,0
0,,0
0,,0
0,,0
0
0,,0
0,,0
0,,0
0,,0
1341.6


AGUA
1341.6
1341.6
1341.6
1341.6
1341.6
1341.6
1341.6
1341.6
1341.6
1341.6
459331























Monto Total
14498
41165
640
100
20440
332500
18000
10000
0
234,,234
654,,0
689,,345
32,,0
34
7568,,3245
34,,34
0,,0
2687,,2345
1449.8


AGUA
1449.8
1449.8
1449.8
1449.8
1449.8
1449.8
1449.8
1449.8
1449.8
1449.8
478040




















Monto Total
16245
55405
2725
4050
14000
332500
18000
10000
0
0,,0
0,,0
876,,876
0,,0
0
98,,0
98,,98
0,,0
0,,0
1624.5


AGUA
1624.5
1624.5
1624.5
1624.5
1624.5
1624.5
1624.5
1624.5
1624.5
1624.5
468577




























